-1,0;-1,0;-1,0;-1,0;-1,0;-1,0;-1,0;1,2;-1,0;-1,0;-1,0;-1,0;-1,0;-1,0;-1,0;-1,0;-1,0;-1,0;-1,0;-1,0;-1,0;-1,0;-1,0;-1,0;-1,0;-1,0;-1,0;-1,0;-1,0;3,1;-1,0;-1,0;-1,0;-1,0;-1,0;-1,0;-1,0;-1,0;-1,0;-1,0;-1,0;-1,0;-1,0;-1,0;-1,0;-1,0;-1,0;-1,0;-1,0;-1,0;-1,0;-1,0
0,0;-1,0;-1,0;-1,0;-1,0;-1,0;-1,0;-1,0;-1,0;-1,0;-1,0;-1,0;-1,0;-1,0;-1,0;-1,0;-1,0;-1,0;-1,0;-1,0;-1,0;-1,0;-1,0;-1,0;-1,0;-1,0;-1,0;-1,0;-1,0;-1,0;-1,0;-1,0;-1,0;-1,0;-1,0;-1,0;-1,0;-1,0;-1,0;-1,0;-1,0;-1,0;-1,0;-1,0;-1,0;-1,0;-1,0;-1,0;-1,0;-1,0;-1,0;-1,0
-1,0;-1,0;-1,0;-1,0;-1,0;-1,0;-1,0;-1,0;-1,0;-1,0;-1,0;-1,0;-1,0;1,3;-1,0;-1,0;-1,0;-1,0;-1,0;-1,0;-1,0;-1,0;-1,0;-1,0;-1,0;-1,0;-1,0;-1,0;-1,0;-1,0;-1,0;-1,0;-1,0;-1,0;-1,0;-1,0;-1,0;-1,0;-1,0;-1,0;-1,0;-1,0;-1,0;-1,0;-1,0;-1,0;-1,0;-1,0;-1,0;-1,0;-1,0;-1,0
-1,0;-1,0;-1,0;1,14;-1,0;1,15;1,16;-1,0;-1,0;-1,0;1,17;-1,0;-1,0;-1,0;-1,0;-1,0;-1,0;-1,0;-1,0;-1,0;-1,0;-1,0;-1,0;-1,0;-1,0;-1,0;-1,0;-1,0;-1,0;-1,0;3,4;3,6;3,8;3,11;-1,0;3,12;3,13;3,9;-1,0;-1,0;-1,0;-1,0;-1,0;-1,0;-1,0;-1,0;-1,0;-1,0;-1,0;-1,0;-1,0;-1,0
-1,0;-1,0;-1,0;-1,0;-1,0;-1,0;-1,0;-1,0;-1,0;-1,0;-1,0;-1,0;-1,0;-1,0;1,5;-1,0;-1,0;-1,0;-1,0;-1,0;-1,0;-1,0;-1,0;-1,0;-1,0;-1,0;-1,0;-1,0;-1,0;-1,0;-1,0;-1,0;-1,0;-1,0;-1,0;-1,0;-1,0;-1,0;-1,0;-1,0;-1,0;-1,0;-1,0;-1,0;-1,0;-1,0;-1,0;-1,0;-1,0;-1,0;-1,0;-1,0
2,1;-1,0;-1,0;-1,0;-1,0;-1,0;-1,0;-1,0;-1,0;-1,0;-1,0;-1,0;-1,0;-1,0;-1,0;-1,0;-1,0;-1,0;-1,0;-1,0;-1,0;-1,0;-1,0;-1,0;-1,0;-1,0;-1,0;-1,0;-1,0;-1,0;-1,0;-1,0;-1,0;-1,0;-1,0;-1,0;-1,0;-1,0;-1,0;-1,0;-1,0;-1,0;-1,0;-1,0;-1,0;-1,0;-1,0;-1,0;-1,0;-1,0;-1,0;-1,0
-1,0;-1,0;-1,0;1,14;-1,0;1,15;1,16;-1,0;-1,0;-1,0;1,17;-1,0;-1,0;-1,0;2,3;-1,0;-1,0;-1,0;-1,0;-1,0;-1,0;-1,0;-1,0;-1,0;-1,0;-1,0;-1,0;-1,0;-1,0;-1,0;3,7;3,6;3,8;3,11;-1,0;3,12;3,13;3,9;-1,0;-1,0;-1,0;-1,0;-1,0;-1,0;-1,0;-1,0;-1,0;-1,0;-1,0;-1,0;-1,0;-1,0
-1,0;-1,0;-1,0;-1,0;-1,0;-1,0;-1,0;-1,0;-1,0;-1,0;-1,0;-1,0;-1,0;-1,0;2,2;-1,0;-1,0;-1,0;-1,0;-1,0;-1,0;-1,0;-1,0;-1,0;-1,0;-1,0;-1,0;-1,0;-1,0;-1,0;-1,0;-1,0;-1,0;-1,0;-1,0;-1,0;-1,0;-1,0;-1,0;-1,0;-1,0;-1,0;-1,0;-1,0;-1,0;-1,0;-1,0;-1,0;-1,0;-1,0;-1,0;-1,0
-1,0;-1,0;-1,0;2,4;-1,0;2,4;2,4;-1,0;-1,0;-1,0;2,4;-1,0;-1,0;-1,0;2,4;-1,0;-1,0;-1,0;-1,0;-1,0;-1,0;-1,0;-1,0;-1,0;-1,0;-1,0;-1,0;-1,0;-1,0;-1,0;-1,0;-1,0;-1,0;-1,0;-1,0;-1,0;-1,0;-1,0;-1,0;-1,0;-1,0;-1,0;-1,0;-1,0;-1,0;-1,0;-1,0;-1,0;-1,0;-1,0;-1,0;-1,0
-1,0;-1,0;1,10;-1,0;-1,0;-1,0;-1,0;-1,0;-1,0;-1,0;-1,0;-1,0;-1,0;-1,0;-1,0;-1,0;-1,0;-1,0;-1,0;-1,0;-1,0;-1,0;-1,0;-1,0;-1,0;-1,0;-1,0;-1,0;-1,0;-1,0;-1,0;-1,0;-1,0;-1,0;-1,0;-1,0;-1,0;-1,0;-1,0;-1,0;-1,0;-1,0;-1,0;-1,0;-1,0;-1,0;-1,0;-1,0;-1,0;-1,0;-1,0;-1,0
-1,0;-1,0;-1,0;2,5;-1,0;2,5;2,5;-1,0;-1,0;-1,0;2,5;-1,0;-1,0;-1,0;2,5;-1,0;-1,0;-1,0;-1,0;-1,0;-1,0;-1,0;-1,0;-1,0;-1,0;-1,0;-1,0;-1,0;-1,0;-1,0;-1,0;-1,0;-1,0;-1,0;-1,0;-1,0;-1,0;-1,0;-1,0;-1,0;-1,0;-1,0;-1,0;-1,0;-1,0;-1,0;-1,0;-1,0;-1,0;-1,0;-1,0;-1,0
-1,0;-1,0;-1,0;2,6;-1,0;2,6;2,6;-1,0;-1,0;-1,0;2,6;-1,0;-1,0;-1,0;2,6;-1,0;-1,0;-1,0;-1,0;-1,0;-1,0;-1,0;-1,0;-1,0;-1,0;-1,0;-1,0;-1,0;-1,0;-1,0;-1,0;-1,0;-1,0;-1,0;-1,0;-1,0;-1,0;-1,0;-1,0;-1,0;-1,0;-1,0;-1,0;-1,0;-1,0;-1,0;-1,0;-1,0;-1,0;-1,0;-1,0;-1,0
-1,0;-1,0;-1,0;2,7;-1,0;2,7;2,7;-1,0;-1,0;-1,0;2,7;-1,0;-1,0;-1,0;2,7;-1,0;-1,0;-1,0;-1,0;-1,0;-1,0;-1,0;-1,0;-1,0;-1,0;-1,0;-1,0;-1,0;-1,0;-1,0;-1,0;-1,0;-1,0;-1,0;-1,0;-1,0;-1,0;-1,0;-1,0;-1,0;-1,0;-1,0;-1,0;-1,0;-1,0;-1,0;-1,0;-1,0;-1,0;-1,0;-1,0;-1,0
-1,0;-1,0;-1,0;2,8;-1,0;2,8;2,8;-1,0;-1,0;-1,0;2,8;-1,0;-1,0;-1,0;2,8;-1,0;-1,0;-1,0;-1,0;-1,0;-1,0;-1,0;-1,0;-1,0;-1,0;-1,0;-1,0;-1,0;-1,0;-1,0;-1,0;-1,0;-1,0;-1,0;-1,0;-1,0;-1,0;-1,0;-1,0;-1,0;-1,0;-1,0;-1,0;-1,0;-1,0;-1,0;-1,0;-1,0;-1,0;-1,0;-1,0;-1,0
-1,0;-1,0;-1,0;-1,0;-1,0;-1,0;-1,0;-1,0;-1,0;-1,0;-1,0;-1,0;-1,0;-1,0;-1,0;1,24;-1,0;-1,0;-1,0;-1,0;-1,0;-1,0;-1,0;-1,0;-1,0;-1,0;-1,0;-1,0;-1,0;-1,0;-1,0;-1,0;-1,0;-1,0;-1,0;-1,0;-1,0;-1,0;-1,0;-1,0;-1,0;-1,0;-1,0;-1,0;-1,0;-1,0;-1,0;-1,0;-1,0;-1,0;-1,0;-1,0
-1,0;-1,0;-1,0;-1,0;-1,0;-1,0;-1,0;-1,0;-1,0;-1,0;-1,0;-1,0;-1,0;-1,0;-1,0;1,25;-1,0;-1,0;-1,0;-1,0;-1,0;-1,0;-1,0;-1,0;-1,0;-1,0;-1,0;-1,0;-1,0;-1,0;-1,0;-1,0;-1,0;-1,0;-1,0;-1,0;-1,0;-1,0;-1,0;-1,0;-1,0;-1,0;-1,0;-1,0;-1,0;-1,0;-1,0;-1,0;-1,0;-1,0;-1,0;-1,0
-1,0;-1,0;-1,0;-1,0;-1,0;-1,0;-1,0;-1,0;-1,0;-1,0;-1,0;-1,0;-1,0;-1,0;-1,0;1,26;-1,0;-1,0;-1,0;-1,0;-1,0;-1,0;-1,0;-1,0;-1,0;-1,0;-1,0;-1,0;-1,0;-1,0;-1,0;-1,0;-1,0;-1,0;-1,0;-1,0;-1,0;-1,0;-1,0;-1,0;-1,0;-1,0;-1,0;-1,0;-1,0;-1,0;-1,0;-1,0;-1,0;-1,0;-1,0;-1,0
-1,0;-1,0;-1,0;-1,0;-1,0;-1,0;-1,0;-1,0;-1,0;-1,0;-1,0;-1,0;-1,0;-1,0;-1,0;1,18;-1,0;-1,0;-1,0;-1,0;-1,0;-1,0;-1,0;-1,0;-1,0;-1,0;-1,0;-1,0;-1,0;-1,0;-1,0;-1,0;-1,0;-1,0;-1,0;-1,0;-1,0;-1,0;-1,0;-1,0;-1,0;-1,0;-1,0;-1,0;-1,0;-1,0;-1,0;-1,0;-1,0;-1,0;-1,0;-1,0
-1,0;-1,0;-1,0;-1,0;-1,0;-1,0;-1,0;-1,0;-1,0;-1,0;-1,0;1,22;1,23;-1,0;-1,0;-1,0;1,19;-1,0;-1,0;-1,0;-1,0;-1,0;-1,0;-1,0;-1,0;-1,0;-1,0;-1,0;-1,0;-1,0;-1,0;-1,0;-1,0;-1,0;-1,0;-1,0;-1,0;-1,0;3,20;-1,0;-1,0;-1,0;-1,0;-1,0;-1,0;-1,0;-1,0;-1,0;-1,0;-1,0;-1,0;3,21
-1,0;-1,0;2,15;-1,0;-1,0;-1,0;-1,0;-1,0;2,15;2,15;-1,0;-1,0;-1,0;-1,0;-1,0;-1,0;2,15;2,15;2,15;2,15;2,15;-1,0;2,15;2,15;2,15;2,15;2,15;2,15;-1,0;-1,0;-1,0;-1,0;-1,0;-1,0;-1,0;-1,0;-1,0;-1,0;-1,0;-1,0;-1,0;-1,0;-1,0;-1,0;-1,0;-1,0;-1,0;-1,0;-1,0;-1,0;-1,0;-1,0
-1,0;-1,0;-1,0;-1,0;-1,0;-1,0;-1,0;-1,0;-1,0;-1,0;-1,0;-1,0;-1,0;-1,0;-1,0;-1,0;1,88;-1,0;-1,0;-1,0;-1,0;-1,0;-1,0;-1,0;-1,0;-1,0;-1,0;-1,0;-1,0;-1,0;-1,0;-1,0;-1,0;-1,0;-1,0;-1,0;-1,0;-1,0;-1,0;-1,0;-1,0;-1,0;-1,0;-1,0;-1,0;-1,0;-1,0;-1,0;-1,0;-1,0;-1,0;-1,0
-1,0;-1,0;-1,0;-1,0;-1,0;-1,0;-1,0;-1,0;-1,0;-1,0;-1,0;-1,0;-1,0;-1,0;-1,0;-1,0;2,16;-1,0;-1,0;-1,0;-1,0;-1,0;-1,0;-1,0;-1,0;-1,0;-1,0;-1,0;-1,0;-1,0;-1,0;-1,0;-1,0;-1,0;-1,0;-1,0;-1,0;-1,0;-1,0;-1,0;-1,0;-1,0;-1,0;-1,0;-1,0;-1,0;-1,0;-1,0;-1,0;-1,0;-1,0;-1,0
-1,0;-1,0;2,44;-1,0;-1,0;-1,0;-1,0;-1,0;2,44;2,44;-1,0;-1,0;-1,0;-1,0;-1,0;-1,0;2,44;2,44;2,44;2,44;2,44;-1,0;2,44;2,44;2,44;2,44;2,44;2,44;-1,0;-1,0;-1,0;-1,0;-1,0;-1,0;-1,0;-1,0;-1,0;-1,0;-1,0;-1,0;-1,0;-1,0;-1,0;-1,0;-1,0;-1,0;-1,0;-1,0;-1,0;-1,0;-1,0;-1,0
-1,0;-1,0;2,45;-1,0;-1,0;-1,0;-1,0;-1,0;2,45;2,45;-1,0;-1,0;-1,0;-1,0;-1,0;-1,0;2,45;2,45;2,45;2,45;2,45;-1,0;2,45;2,45;2,45;2,45;2,45;2,45;-1,0;-1,0;-1,0;-1,0;-1,0;-1,0;-1,0;-1,0;-1,0;-1,0;-1,0;-1,0;-1,0;-1,0;-1,0;-1,0;-1,0;-1,0;-1,0;-1,0;-1,0;-1,0;-1,0;-1,0
-1,0;-1,0;-1,0;-1,0;-1,0;-1,0;-1,0;-1,0;-1,0;-1,0;1,17;1,22;1,23;-1,0;-1,0;-1,0;-1,0;-1,0;-1,0;-1,0;-1,0;-1,0;-1,0;-1,0;-1,0;-1,0;-1,0;-1,0;-1,0;-1,0;-1,0;-1,0;-1,0;-1,0;-1,0;-1,0;-1,0;3,54;-1,0;-1,0;3,29;3,38;-1,0;3,51;-1,0;3,52;-1,0;-1,0;-1,0;-1,0;-1,0;3,53
-1,0;1,27;-1,0;-1,0;-1,0;-1,0;-1,0;-1,0;-1,0;-1,0;-1,0;-1,0;-1,0;-1,0;-1,0;-1,0;-1,0;-1,0;-1,0;-1,0;-1,0;-1,0;-1,0;-1,0;-1,0;-1,0;-1,0;-1,0;-1,0;-1,0;-1,0;-1,0;-1,0;-1,0;-1,0;-1,0;-1,0;-1,0;-1,0;-1,0;-1,0;-1,0;-1,0;-1,0;-1,0;-1,0;-1,0;-1,0;-1,0;-1,0;-1,0;-1,0
-1,0;-1,0;-1,0;-1,0;-1,0;-1,0;-1,0;-1,0;-1,0;-1,0;1,17;1,22;1,23;-1,0;-1,0;-1,0;-1,0;-1,0;-1,0;-1,0;-1,0;-1,0;-1,0;-1,0;-1,0;-1,0;-1,0;-1,0;-1,0;-1,0;-1,0;-1,0;-1,0;-1,0;-1,0;-1,0;-1,0;3,54;-1,0;-1,0;3,46;3,38;-1,0;3,51;-1,0;3,52;-1,0;-1,0;-1,0;-1,0;-1,0;3,53
-1,0;-1,0;-1,0;-1,0;-1,0;-1,0;-1,0;-1,0;-1,0;-1,0;-1,0;-1,0;-1,0;-1,0;-1,0;-1,0;-1,0;-1,0;-1,0;-1,0;-1,0;1,28;-1,0;1,28;-1,0;-1,0;-1,0;-1,0;-1,0;-1,0;-1,0;-1,0;-1,0;-1,0;-1,0;-1,0;-1,0;-1,0;-1,0;-1,0;-1,0;-1,0;-1,0;-1,0;-1,0;-1,0;-1,0;-1,0;-1,0;-1,0;-1,0;-1,0
-1,0;-1,0;-1,0;-1,0;-1,0;-1,0;-1,0;-1,0;-1,0;-1,0;1,17;1,22;1,23;-1,0;-1,0;-1,0;-1,0;-1,0;-1,0;-1,0;-1,0;-1,0;-1,0;-1,0;-1,0;-1,0;-1,0;-1,0;-1,0;-1,0;-1,0;-1,0;-1,0;-1,0;-1,0;-1,0;-1,0;3,54;-1,0;-1,0;-1,0;3,71;-1,0;3,51;-1,0;3,52;-1,0;-1,0;-1,0;-1,0;-1,0;3,53
-1,0;-1,0;-1,0;-1,0;-1,0;-1,0;-1,0;-1,0;-1,0;-1,0;-1,0;-1,0;-1,0;-1,0;-1,0;-1,0;1,30;-1,0;-1,0;-1,0;-1,0;-1,0;-1,0;-1,0;-1,0;-1,0;-1,0;-1,0;-1,0;-1,0;-1,0;-1,0;-1,0;-1,0;-1,0;-1,0;-1,0;-1,0;-1,0;-1,0;-1,0;-1,0;-1,0;-1,0;-1,0;-1,0;-1,0;-1,0;-1,0;-1,0;-1,0;-1,0
-1,0;-1,0;-1,0;-1,0;-1,0;-1,0;-1,0;-1,0;-1,0;-1,0;-1,0;-1,0;-1,0;1,31;-1,0;-1,0;-1,0;-1,0;-1,0;-1,0;-1,0;-1,0;-1,0;-1,0;-1,0;-1,0;-1,0;-1,0;-1,0;-1,0;-1,0;-1,0;-1,0;-1,0;-1,0;-1,0;-1,0;-1,0;-1,0;-1,0;-1,0;-1,0;-1,0;-1,0;-1,0;-1,0;-1,0;-1,0;-1,0;-1,0;-1,0;-1,0
-1,0;-1,0;-1,0;1,14;-1,0;1,15;1,16;-1,0;-1,0;-1,0;1,17;-1,0;-1,0;-1,0;-1,0;-1,0;-1,0;-1,0;-1,0;-1,0;-1,0;-1,0;-1,0;-1,0;-1,0;-1,0;-1,0;-1,0;-1,0;-1,0;3,32;3,6;3,8;3,11;-1,0;3,12;3,13;3,9;-1,0;-1,0;-1,0;-1,0;-1,0;-1,0;-1,0;-1,0;-1,0;-1,0;-1,0;-1,0;-1,0;-1,0
-1,0;-1,0;-1,0;-1,0;-1,0;-1,0;-1,0;-1,0;-1,0;-1,0;-1,0;-1,0;-1,0;-1,0;1,33;-1,0;-1,0;-1,0;-1,0;-1,0;-1,0;-1,0;-1,0;-1,0;-1,0;-1,0;-1,0;-1,0;-1,0;-1,0;-1,0;-1,0;-1,0;-1,0;-1,0;-1,0;-1,0;-1,0;-1,0;-1,0;-1,0;-1,0;-1,0;-1,0;-1,0;-1,0;-1,0;-1,0;-1,0;-1,0;-1,0;-1,0
-1,0;-1,0;-1,0;2,10;1,34;2,10;2,10;-1,0;-1,0;-1,0;2,10;-1,0;-1,0;-1,0;2,10;-1,0;-1,0;-1,0;-1,0;-1,0;-1,0;-1,0;-1,0;-1,0;-1,0;-1,0;-1,0;-1,0;-1,0;-1,0;-1,0;-1,0;-1,0;-1,0;3,91;-1,0;-1,0;-1,0;-1,0;-1,0;-1,0;-1,0;-1,0;-1,0;-1,0;-1,0;-1,0;-1,0;-1,0;-1,0;-1,0;-1,0
-1,0;-1,0;-1,0;-1,0;-1,0;-1,0;-1,0;-1,0;-1,0;-1,0;-1,0;-1,0;-1,0;1,35;-1,0;-1,0;-1,0;-1,0;-1,0;-1,0;-1,0;-1,0;-1,0;-1,0;-1,0;-1,0;-1,0;-1,0;-1,0;-1,0;-1,0;-1,0;-1,0;-1,0;-1,0;-1,0;-1,0;-1,0;-1,0;-1,0;-1,0;-1,0;-1,0;-1,0;-1,0;-1,0;-1,0;-1,0;-1,0;-1,0;-1,0;-1,0
-1,0;-1,0;-1,0;1,14;-1,0;1,15;1,16;-1,0;-1,0;-1,0;1,17;-1,0;-1,0;-1,0;-1,0;-1,0;-1,0;-1,0;-1,0;-1,0;-1,0;-1,0;-1,0;-1,0;-1,0;-1,0;-1,0;-1,0;-1,0;-1,0;3,36;3,6;3,8;3,11;-1,0;3,12;3,13;3,9;-1,0;-1,0;-1,0;-1,0;-1,0;-1,0;-1,0;-1,0;-1,0;-1,0;-1,0;-1,0;-1,0;-1,0
-1,0;-1,0;-1,0;-1,0;-1,0;-1,0;-1,0;-1,0;-1,0;-1,0;-1,0;-1,0;-1,0;-1,0;1,37;-1,0;-1,0;-1,0;-1,0;-1,0;-1,0;-1,0;-1,0;-1,0;-1,0;-1,0;-1,0;-1,0;-1,0;-1,0;-1,0;-1,0;-1,0;-1,0;-1,0;-1,0;-1,0;-1,0;-1,0;-1,0;-1,0;-1,0;-1,0;-1,0;-1,0;-1,0;-1,0;-1,0;-1,0;-1,0;-1,0;-1,0
-1,0;-1,0;-1,0;2,11;-1,0;2,11;2,11;-1,0;-1,0;-1,0;2,11;-1,0;-1,0;-1,0;2,11;-1,0;-1,0;-1,0;-1,0;-1,0;-1,0;-1,0;-1,0;-1,0;-1,0;-1,0;-1,0;-1,0;-1,0;-1,0;-1,0;-1,0;-1,0;-1,0;-1,0;-1,0;-1,0;-1,0;-1,0;-1,0;-1,0;-1,0;-1,0;-1,0;-1,0;-1,0;-1,0;-1,0;-1,0;-1,0;-1,0;-1,0
-1,0;-1,0;-1,0;-1,0;-1,0;-1,0;-1,0;-1,0;-1,0;-1,0;-1,0;-1,0;-1,0;-1,0;-1,0;-1,0;-1,0;-1,0;-1,0;-1,0;-1,0;-1,0;1,43;1,44;1,41;1,42;1,39;1,40;-1,0;-1,0;-1,0;-1,0;-1,0;-1,0;-1,0;-1,0;-1,0;-1,0;-1,0;-1,0;-1,0;-1,0;-1,0;-1,0;-1,0;-1,0;3,45;-1,0;-1,0;-1,0;-1,0;-1,0
-1,0;-1,0;-1,0;-1,0;-1,0;-1,0;-1,0;-1,0;-1,0;-1,0;2,32;2,32;2,32;-1,0;-1,0;-1,0;-1,0;-1,0;-1,0;-1,0;-1,0;-1,0;-1,0;-1,0;-1,0;-1,0;-1,0;-1,0;-1,0;-1,0;-1,0;-1,0;-1,0;-1,0;-1,0;-1,0;-1,0;-1,0;-1,0;-1,0;-1,0;-1,0;-1,0;-1,0;-1,0;-1,0;-1,0;-1,0;-1,0;-1,0;-1,0;-1,0
-1,0;-1,0;-1,0;-1,0;-1,0;-1,0;-1,0;-1,0;-1,0;-1,0;2,33;2,33;2,33;-1,0;-1,0;-1,0;-1,0;-1,0;-1,0;-1,0;-1,0;-1,0;-1,0;-1,0;-1,0;-1,0;-1,0;-1,0;-1,0;-1,0;-1,0;-1,0;-1,0;-1,0;-1,0;-1,0;-1,0;-1,0;-1,0;-1,0;-1,0;-1,0;-1,0;-1,0;-1,0;-1,0;-1,0;-1,0;-1,0;-1,0;-1,0;-1,0
-1,0;-1,0;-1,0;-1,0;-1,0;-1,0;-1,0;-1,0;-1,0;-1,0;2,34;2,34;2,34;-1,0;-1,0;-1,0;-1,0;-1,0;-1,0;-1,0;-1,0;-1,0;-1,0;-1,0;-1,0;-1,0;-1,0;-1,0;-1,0;-1,0;-1,0;-1,0;-1,0;-1,0;-1,0;-1,0;-1,0;-1,0;-1,0;-1,0;-1,0;-1,0;-1,0;-1,0;-1,0;-1,0;-1,0;-1,0;-1,0;-1,0;-1,0;-1,0
-1,0;-1,0;-1,0;-1,0;-1,0;-1,0;-1,0;-1,0;-1,0;-1,0;2,35;2,35;2,35;-1,0;-1,0;-1,0;-1,0;-1,0;-1,0;-1,0;-1,0;-1,0;-1,0;-1,0;-1,0;-1,0;-1,0;-1,0;-1,0;-1,0;-1,0;-1,0;-1,0;-1,0;-1,0;-1,0;-1,0;-1,0;-1,0;-1,0;-1,0;-1,0;-1,0;-1,0;-1,0;-1,0;-1,0;-1,0;-1,0;-1,0;-1,0;-1,0
-1,0;-1,0;-1,0;-1,0;-1,0;-1,0;-1,0;-1,0;-1,0;-1,0;2,36;2,36;2,36;-1,0;-1,0;-1,0;-1,0;-1,0;-1,0;-1,0;-1,0;-1,0;-1,0;-1,0;-1,0;-1,0;-1,0;-1,0;-1,0;-1,0;-1,0;-1,0;-1,0;-1,0;-1,0;-1,0;-1,0;-1,0;-1,0;-1,0;-1,0;-1,0;-1,0;-1,0;-1,0;-1,0;-1,0;-1,0;-1,0;-1,0;-1,0;-1,0
-1,0;-1,0;-1,0;-1,0;-1,0;-1,0;-1,0;-1,0;-1,0;-1,0;2,37;2,37;2,37;-1,0;-1,0;-1,0;-1,0;-1,0;-1,0;-1,0;-1,0;-1,0;-1,0;-1,0;-1,0;-1,0;-1,0;-1,0;-1,0;-1,0;-1,0;-1,0;-1,0;-1,0;-1,0;-1,0;-1,0;-1,0;-1,0;-1,0;-1,0;-1,0;-1,0;-1,0;-1,0;-1,0;-1,0;-1,0;-1,0;-1,0;-1,0;-1,0
-1,0;-1,0;-1,0;-1,0;-1,0;-1,0;-1,0;-1,0;-1,0;-1,0;1,17;1,22;1,23;-1,0;-1,0;-1,0;-1,0;-1,0;-1,0;-1,0;-1,0;-1,0;-1,0;-1,0;-1,0;-1,0;-1,0;-1,0;-1,0;-1,0;-1,0;-1,0;-1,0;-1,0;-1,0;-1,0;-1,0;3,54;-1,0;-1,0;-1,0;3,50;-1,0;3,51;-1,0;3,52;-1,0;-1,0;-1,0;-1,0;-1,0;3,53
-1,0;-1,0;-1,0;-1,0;-1,0;-1,0;-1,0;-1,0;-1,0;-1,0;-1,0;-1,0;-1,0;-1,0;-1,0;-1,0;1,47;-1,0;-1,0;-1,0;-1,0;-1,0;-1,0;-1,0;-1,0;-1,0;-1,0;-1,0;-1,0;-1,0;-1,0;-1,0;-1,0;-1,0;-1,0;-1,0;-1,0;-1,0;-1,0;-1,0;-1,0;-1,0;-1,0;-1,0;-1,0;-1,0;-1,0;-1,0;-1,0;-1,0;-1,0;-1,0
-1,0;-1,0;-1,0;-1,0;-1,0;-1,0;-1,0;-1,0;-1,0;-1,0;-1,0;-1,0;-1,0;1,48;-1,0;-1,0;-1,0;-1,0;-1,0;-1,0;-1,0;-1,0;-1,0;-1,0;-1,0;-1,0;-1,0;-1,0;-1,0;-1,0;-1,0;-1,0;-1,0;-1,0;-1,0;-1,0;-1,0;-1,0;-1,0;-1,0;-1,0;-1,0;-1,0;-1,0;-1,0;-1,0;-1,0;-1,0;-1,0;-1,0;-1,0;-1,0
-1,0;-1,0;-1,0;1,14;-1,0;1,15;1,16;-1,0;-1,0;-1,0;1,17;-1,0;-1,0;-1,0;-1,0;-1,0;-1,0;-1,0;-1,0;-1,0;-1,0;-1,0;-1,0;-1,0;-1,0;-1,0;-1,0;-1,0;-1,0;-1,0;3,49;3,6;3,8;3,11;-1,0;3,12;3,13;3,9;-1,0;-1,0;-1,0;-1,0;-1,0;-1,0;-1,0;-1,0;-1,0;-1,0;-1,0;-1,0;-1,0;-1,0
-1,0;-1,0;-1,0;-1,0;-1,0;-1,0;-1,0;-1,0;-1,0;-1,0;-1,0;-1,0;-1,0;-1,0;1,89;-1,0;-1,0;-1,0;-1,0;-1,0;-1,0;-1,0;-1,0;-1,0;-1,0;-1,0;-1,0;-1,0;-1,0;-1,0;-1,0;-1,0;-1,0;-1,0;-1,0;-1,0;-1,0;-1,0;-1,0;-1,0;-1,0;-1,0;-1,0;-1,0;-1,0;-1,0;-1,0;-1,0;-1,0;-1,0;-1,0;-1,0
-1,0;-1,0;-1,0;-1,0;-1,0;-1,0;-1,0;-1,0;1,66;1,67;-1,0;-1,0;-1,0;-1,0;-1,0;-1,0;2,18;-1,0;-1,0;-1,0;-1,0;-1,0;-1,0;-1,0;-1,0;-1,0;-1,0;-1,0;-1,0;-1,0;-1,0;-1,0;-1,0;-1,0;-1,0;-1,0;-1,0;-1,0;-1,0;3,68;-1,0;-1,0;-1,0;-1,0;-1,0;-1,0;-1,0;-1,0;-1,0;-1,0;3,69;-1,0
-1,0;-1,0;2,21;-1,0;-1,0;-1,0;-1,0;-1,0;2,21;2,21;-1,0;-1,0;-1,0;-1,0;-1,0;-1,0;2,21;1,55;1,56;-1,0;-1,0;-1,0;2,21;2,21;2,21;2,21;2,21;2,21;-1,0;-1,0;-1,0;-1,0;-1,0;-1,0;-1,0;-1,0;-1,0;-1,0;-1,0;-1,0;-1,0;-1,0;3,57;-1,0;-1,0;-1,0;-1,0;-1,0;3,58;-1,0;-1,0;-1,0
-1,0;-1,0;2,25;-1,0;-1,0;-1,0;-1,0;-1,0;2,25;2,25;-1,0;-1,0;-1,0;-1,0;-1,0;-1,0;2,25;2,25;2,25;1,61;1,62;-1,0;2,25;2,25;2,25;2,25;2,25;2,25;-1,0;-1,0;-1,0;-1,0;-1,0;-1,0;-1,0;-1,0;-1,0;-1,0;-1,0;-1,0;-1,0;-1,0;-1,0;-1,0;3,65;-1,0;-1,0;-1,0;-1,0;3,63;-1,0;-1,0
-1,0;-1,0;2,28;-1,0;-1,0;-1,0;-1,0;-1,0;2,28;2,28;-1,0;-1,0;-1,0;-1,0;-1,0;-1,0;2,28;2,28;2,28;2,28;2,28;-1,0;2,28;2,28;2,28;2,28;2,28;2,28;-1,0;-1,0;-1,0;-1,0;-1,0;-1,0;-1,0;-1,0;-1,0;-1,0;-1,0;-1,0;-1,0;-1,0;-1,0;-1,0;-1,0;-1,0;-1,0;-1,0;-1,0;-1,0;-1,0;-1,0
-1,0;-1,0;2,29;-1,0;-1,0;-1,0;-1,0;-1,0;2,29;2,29;-1,0;-1,0;-1,0;-1,0;-1,0;-1,0;2,29;2,29;2,29;2,29;2,29;-1,0;2,29;2,29;2,29;2,29;2,29;2,29;-1,0;-1,0;-1,0;-1,0;-1,0;-1,0;-1,0;-1,0;-1,0;-1,0;-1,0;-1,0;-1,0;-1,0;-1,0;-1,0;-1,0;-1,0;-1,0;-1,0;-1,0;-1,0;-1,0;-1,0
-1,0;-1,0;-1,0;-1,0;-1,0;-1,0;-1,0;-1,0;-1,0;-1,0;2,38;2,38;2,38;-1,0;-1,0;-1,0;-1,0;-1,0;-1,0;-1,0;-1,0;-1,0;-1,0;-1,0;-1,0;-1,0;-1,0;-1,0;-1,0;-1,0;-1,0;-1,0;-1,0;-1,0;-1,0;-1,0;-1,0;-1,0;-1,0;-1,0;-1,0;-1,0;-1,0;-1,0;-1,0;-1,0;-1,0;-1,0;-1,0;-1,0;-1,0;-1,0
-1,0;-1,0;-1,0;-1,0;-1,0;-1,0;-1,0;-1,0;-1,0;-1,0;2,39;2,39;2,39;-1,0;-1,0;-1,0;-1,0;-1,0;-1,0;-1,0;-1,0;-1,0;-1,0;-1,0;-1,0;-1,0;-1,0;-1,0;-1,0;-1,0;-1,0;-1,0;-1,0;-1,0;-1,0;-1,0;-1,0;-1,0;-1,0;-1,0;-1,0;-1,0;-1,0;-1,0;-1,0;-1,0;-1,0;-1,0;-1,0;-1,0;-1,0;-1,0
-1,0;-1,0;2,20;-1,0;-1,0;-1,0;-1,0;-1,0;2,20;2,20;-1,0;-1,0;-1,0;-1,0;-1,0;-1,0;2,20;-1,0;-1,0;-1,0;-1,0;-1,0;2,20;2,20;2,20;2,20;2,20;2,20;-1,0;-1,0;-1,0;-1,0;-1,0;-1,0;-1,0;-1,0;-1,0;-1,0;-1,0;-1,0;-1,0;-1,0;-1,0;-1,0;-1,0;-1,0;-1,0;-1,0;-1,0;-1,0;-1,0;-1,0
-1,0;-1,0;-1,0;-1,0;-1,0;-1,0;-1,0;-1,0;-1,0;-1,0;1,17;1,22;1,23;-1,0;-1,0;-1,0;-1,0;-1,0;-1,0;-1,0;-1,0;-1,0;-1,0;-1,0;-1,0;-1,0;-1,0;-1,0;-1,0;-1,0;-1,0;-1,0;-1,0;-1,0;-1,0;-1,0;-1,0;3,54;-1,0;-1,0;-1,0;-1,0;-1,0;3,59;-1,0;3,52;-1,0;-1,0;-1,0;-1,0;-1,0;3,53
-1,0;-1,0;2,23;-1,0;-1,0;-1,0;-1,0;-1,0;2,23;2,23;-1,0;-1,0;-1,0;-1,0;-1,0;-1,0;2,23;1,55;1,56;-1,0;-1,0;-1,0;2,23;2,23;2,23;2,23;2,23;2,23;-1,0;-1,0;-1,0;-1,0;-1,0;-1,0;-1,0;-1,0;-1,0;-1,0;-1,0;-1,0;-1,0;-1,0;3,60;-1,0;-1,0;-1,0;-1,0;-1,0;3,58;-1,0;-1,0;-1,0
-1,0;-1,0;2,22;-1,0;-1,0;-1,0;-1,0;-1,0;2,22;2,22;-1,0;-1,0;-1,0;-1,0;-1,0;-1,0;-1,0;-1,0;-1,0;-1,0;-1,0;-1,0;2,22;2,22;2,22;2,22;2,22;2,22;-1,0;-1,0;-1,0;-1,0;-1,0;-1,0;-1,0;-1,0;-1,0;-1,0;-1,0;-1,0;-1,0;-1,0;-1,0;-1,0;-1,0;-1,0;-1,0;-1,0;-1,0;-1,0;-1,0;-1,0
-1,0;-1,0;-1,0;-1,0;-1,0;-1,0;-1,0;-1,0;-1,0;-1,0;2,40;2,40;2,40;-1,0;-1,0;-1,0;-1,0;-1,0;-1,0;-1,0;-1,0;-1,0;-1,0;-1,0;-1,0;-1,0;-1,0;-1,0;-1,0;-1,0;-1,0;-1,0;-1,0;-1,0;-1,0;-1,0;-1,0;-1,0;-1,0;-1,0;-1,0;-1,0;-1,0;-1,0;-1,0;-1,0;-1,0;-1,0;-1,0;-1,0;-1,0;-1,0
-1,0;-1,0;-1,0;-1,0;-1,0;-1,0;-1,0;-1,0;-1,0;-1,0;2,41;2,41;2,41;-1,0;-1,0;-1,0;-1,0;-1,0;-1,0;-1,0;-1,0;-1,0;-1,0;-1,0;-1,0;-1,0;-1,0;-1,0;-1,0;-1,0;-1,0;-1,0;-1,0;-1,0;-1,0;-1,0;-1,0;-1,0;-1,0;-1,0;-1,0;-1,0;-1,0;-1,0;-1,0;-1,0;-1,0;-1,0;-1,0;-1,0;-1,0;-1,0
-1,0;-1,0;-1,0;-1,0;-1,0;-1,0;-1,0;-1,0;-1,0;-1,0;1,17;1,22;1,23;-1,0;-1,0;-1,0;-1,0;-1,0;-1,0;-1,0;-1,0;-1,0;-1,0;-1,0;-1,0;-1,0;-1,0;-1,0;-1,0;-1,0;-1,0;-1,0;-1,0;-1,0;-1,0;-1,0;-1,0;3,54;-1,0;-1,0;-1,0;-1,0;-1,0;-1,0;-1,0;3,64;-1,0;-1,0;-1,0;-1,0;-1,0;3,53
-1,0;-1,0;2,27;-1,0;-1,0;-1,0;-1,0;-1,0;2,27;2,27;-1,0;-1,0;-1,0;-1,0;-1,0;-1,0;2,27;2,27;2,27;1,61;1,62;-1,0;2,27;2,27;2,27;2,27;2,27;2,27;-1,0;-1,0;-1,0;-1,0;-1,0;-1,0;-1,0;-1,0;-1,0;-1,0;-1,0;-1,0;-1,0;-1,0;-1,0;-1,0;-1,0;-1,0;-1,0;-1,0;-1,0;3,63;-1,0;-1,0
-1,0;-1,0;2,24;-1,0;-1,0;-1,0;-1,0;-1,0;2,24;2,24;-1,0;-1,0;-1,0;-1,0;-1,0;-1,0;-1,0;2,24;2,24;-1,0;-1,0;-1,0;2,24;2,24;2,24;2,24;2,24;2,24;-1,0;-1,0;-1,0;-1,0;-1,0;-1,0;-1,0;-1,0;-1,0;-1,0;-1,0;-1,0;-1,0;-1,0;-1,0;-1,0;-1,0;-1,0;-1,0;-1,0;-1,0;-1,0;-1,0;-1,0
-1,0;-1,0;-1,0;-1,0;-1,0;-1,0;-1,0;-1,0;-1,0;-1,0;2,42;2,42;2,42;-1,0;-1,0;-1,0;-1,0;-1,0;-1,0;-1,0;-1,0;-1,0;-1,0;-1,0;-1,0;-1,0;-1,0;-1,0;-1,0;-1,0;-1,0;-1,0;-1,0;-1,0;-1,0;-1,0;-1,0;-1,0;-1,0;-1,0;-1,0;-1,0;-1,0;-1,0;-1,0;-1,0;-1,0;-1,0;-1,0;-1,0;-1,0;-1,0
-1,0;-1,0;-1,0;-1,0;-1,0;-1,0;-1,0;-1,0;-1,0;-1,0;2,43;2,43;2,43;-1,0;-1,0;-1,0;-1,0;-1,0;-1,0;-1,0;-1,0;-1,0;-1,0;-1,0;-1,0;-1,0;-1,0;-1,0;-1,0;-1,0;-1,0;-1,0;-1,0;-1,0;-1,0;-1,0;-1,0;-1,0;-1,0;-1,0;-1,0;-1,0;-1,0;-1,0;-1,0;-1,0;-1,0;-1,0;-1,0;-1,0;-1,0;-1,0
-1,0;-1,0;-1,0;-1,0;-1,0;-1,0;-1,0;-1,0;-1,0;-1,0;-1,0;-1,0;-1,0;-1,0;-1,0;-1,0;2,17;-1,0;-1,0;-1,0;-1,0;-1,0;-1,0;-1,0;-1,0;-1,0;-1,0;-1,0;-1,0;-1,0;-1,0;-1,0;-1,0;-1,0;-1,0;-1,0;-1,0;-1,0;-1,0;-1,0;-1,0;-1,0;-1,0;-1,0;-1,0;-1,0;-1,0;-1,0;-1,0;-1,0;-1,0;-1,0
-1,0;-1,0;-1,0;-1,0;-1,0;-1,0;-1,0;-1,0;-1,0;-1,0;1,17;1,22;1,23;-1,0;-1,0;-1,0;-1,0;-1,0;-1,0;-1,0;-1,0;-1,0;-1,0;-1,0;-1,0;-1,0;-1,0;-1,0;-1,0;-1,0;-1,0;-1,0;-1,0;-1,0;-1,0;-1,0;-1,0;3,54;-1,0;-1,0;3,70;3,38;-1,0;3,51;-1,0;3,52;-1,0;-1,0;-1,0;-1,0;-1,0;3,53
-1,0;-1,0;-1,0;-1,0;-1,0;-1,0;-1,0;-1,0;-1,0;-1,0;-1,0;-1,0;-1,0;-1,0;-1,0;-1,0;2,19;-1,0;-1,0;-1,0;-1,0;-1,0;-1,0;-1,0;-1,0;-1,0;-1,0;-1,0;-1,0;-1,0;-1,0;-1,0;-1,0;-1,0;-1,0;-1,0;-1,0;-1,0;-1,0;-1,0;-1,0;-1,0;-1,0;-1,0;-1,0;-1,0;-1,0;-1,0;-1,0;-1,0;-1,0;-1,0
-1,0;-1,0;1,72;-1,0;-1,0;-1,0;-1,0;-1,0;-1,0;-1,0;-1,0;-1,0;-1,0;-1,0;-1,0;-1,0;-1,0;-1,0;-1,0;-1,0;-1,0;-1,0;-1,0;-1,0;-1,0;-1,0;-1,0;-1,0;-1,0;-1,0;-1,0;-1,0;-1,0;-1,0;-1,0;-1,0;-1,0;-1,0;-1,0;-1,0;-1,0;-1,0;-1,0;-1,0;-1,0;-1,0;-1,0;-1,0;-1,0;-1,0;-1,0;-1,0
-1,0;1,73;-1,0;-1,0;-1,0;-1,0;-1,0;-1,0;-1,0;-1,0;-1,0;-1,0;-1,0;-1,0;-1,0;-1,0;-1,0;-1,0;-1,0;-1,0;-1,0;-1,0;-1,0;-1,0;-1,0;-1,0;-1,0;-1,0;-1,0;-1,0;-1,0;-1,0;-1,0;-1,0;-1,0;-1,0;-1,0;-1,0;-1,0;-1,0;-1,0;-1,0;-1,0;-1,0;-1,0;-1,0;-1,0;-1,0;-1,0;-1,0;-1,0;-1,0
-1,0;-1,0;-1,0;-1,0;-1,0;-1,0;-1,0;-1,0;-1,0;-1,0;-1,0;-1,0;-1,0;-1,0;-1,0;-1,0;-1,0;-1,0;-1,0;-1,0;-1,0;-1,0;1,43;1,44;1,41;1,42;1,39;1,40;-1,0;-1,0;-1,0;-1,0;-1,0;-1,0;-1,0;-1,0;-1,0;-1,0;-1,0;-1,0;-1,0;-1,0;-1,0;-1,0;-1,0;-1,0;3,74;-1,0;-1,0;-1,0;-1,0;-1,0
-1,0;-1,0;-1,0;-1,0;-1,0;-1,0;-1,0;-1,0;-1,0;-1,0;1,17;1,22;1,23;-1,0;-1,0;-1,0;-1,0;-1,0;-1,0;-1,0;-1,0;-1,0;-1,0;-1,0;-1,0;-1,0;-1,0;-1,0;-1,0;-1,0;-1,0;-1,0;-1,0;-1,0;-1,0;-1,0;-1,0;3,54;-1,0;-1,0;-1,0;3,75;-1,0;3,51;-1,0;3,52;-1,0;-1,0;-1,0;-1,0;-1,0;3,53
-1,0;-1,0;1,76;-1,0;-1,0;-1,0;-1,0;-1,0;-1,0;-1,0;-1,0;-1,0;-1,0;-1,0;-1,0;-1,0;-1,0;-1,0;-1,0;-1,0;-1,0;-1,0;-1,0;-1,0;-1,0;-1,0;-1,0;-1,0;-1,0;-1,0;-1,0;-1,0;-1,0;-1,0;-1,0;-1,0;-1,0;-1,0;-1,0;-1,0;-1,0;-1,0;-1,0;-1,0;-1,0;-1,0;-1,0;-1,0;-1,0;-1,0;-1,0;-1,0
-1,0;1,77;-1,0;-1,0;-1,0;-1,0;-1,0;-1,0;-1,0;-1,0;-1,0;-1,0;-1,0;-1,0;-1,0;-1,0;-1,0;-1,0;-1,0;-1,0;-1,0;-1,0;-1,0;-1,0;-1,0;-1,0;-1,0;-1,0;-1,0;-1,0;-1,0;-1,0;-1,0;-1,0;-1,0;-1,0;-1,0;-1,0;-1,0;-1,0;-1,0;-1,0;-1,0;-1,0;-1,0;-1,0;-1,0;-1,0;-1,0;-1,0;-1,0;-1,0
-1,0;-1,0;-1,0;-1,0;-1,0;-1,0;-1,0;-1,0;-1,0;-1,0;-1,0;-1,0;-1,0;-1,0;-1,0;-1,0;-1,0;-1,0;-1,0;-1,0;-1,0;1,78;-1,0;-1,0;-1,0;-1,0;-1,0;-1,0;-1,0;-1,0;-1,0;-1,0;-1,0;-1,0;-1,0;-1,0;-1,0;-1,0;-1,0;-1,0;-1,0;-1,0;-1,0;-1,0;-1,0;-1,0;-1,0;-1,0;-1,0;-1,0;-1,0;-1,0
-1,0;1,79;-1,0;-1,0;-1,0;-1,0;-1,0;-1,0;-1,0;-1,0;-1,0;-1,0;-1,0;-1,0;-1,0;-1,0;-1,0;-1,0;-1,0;-1,0;-1,0;-1,0;-1,0;-1,0;-1,0;-1,0;-1,0;-1,0;-1,0;-1,0;-1,0;-1,0;-1,0;-1,0;-1,0;-1,0;-1,0;-1,0;-1,0;-1,0;-1,0;-1,0;-1,0;-1,0;-1,0;-1,0;-1,0;-1,0;-1,0;-1,0;-1,0;-1,0
-1,0;-1,0;-1,0;-1,0;-1,0;-1,0;-1,0;-1,0;-1,0;-1,0;-1,0;-1,0;-1,0;-1,0;-1,0;-1,0;-1,0;1,55;1,56;1,61;1,62;-1,0;-1,0;-1,0;-1,0;-1,0;-1,0;-1,0;-1,0;-1,0;-1,0;-1,0;-1,0;-1,0;-1,0;-1,0;-1,0;-1,0;-1,0;-1,0;-1,0;-1,0;-1,0;-1,0;-1,0;-1,0;-1,0;3,82;3,80;3,81;-1,0;-1,0
-1,0;-1,0;-1,0;-1,0;-1,0;-1,0;-1,0;-1,0;-1,0;-1,0;2,30;2,30;2,30;-1,0;-1,0;-1,0;-1,0;-1,0;-1,0;-1,0;-1,0;-1,0;-1,0;-1,0;-1,0;-1,0;-1,0;-1,0;-1,0;-1,0;-1,0;-1,0;-1,0;-1,0;-1,0;-1,0;-1,0;-1,0;-1,0;-1,0;-1,0;-1,0;-1,0;-1,0;-1,0;-1,0;-1,0;-1,0;-1,0;-1,0;-1,0;-1,0
-1,0;-1,0;-1,0;-1,0;-1,0;-1,0;-1,0;-1,0;-1,0;-1,0;2,31;2,31;2,31;-1,0;-1,0;-1,0;-1,0;-1,0;-1,0;-1,0;-1,0;-1,0;-1,0;-1,0;-1,0;-1,0;-1,0;-1,0;-1,0;-1,0;-1,0;-1,0;-1,0;-1,0;-1,0;-1,0;-1,0;-1,0;-1,0;-1,0;-1,0;-1,0;-1,0;-1,0;-1,0;-1,0;-1,0;-1,0;-1,0;-1,0;-1,0;-1,0
-1,0;-1,0;-1,0;-1,0;-1,0;-1,0;-1,0;-1,0;-1,0;-1,0;1,17;1,22;1,23;-1,0;-1,0;-1,0;-1,0;-1,0;-1,0;-1,0;-1,0;-1,0;-1,0;-1,0;-1,0;-1,0;-1,0;-1,0;-1,0;-1,0;-1,0;-1,0;-1,0;-1,0;-1,0;-1,0;-1,0;3,54;-1,0;-1,0;-1,0;3,83;-1,0;3,51;-1,0;3,52;-1,0;-1,0;-1,0;-1,0;-1,0;3,53
-1,0;-1,0;-1,0;-1,0;-1,0;-1,0;-1,0;-1,0;-1,0;-1,0;-1,0;-1,0;-1,0;-1,0;-1,0;-1,0;1,84;-1,0;-1,0;-1,0;-1,0;-1,0;-1,0;-1,0;-1,0;-1,0;-1,0;-1,0;-1,0;-1,0;-1,0;-1,0;-1,0;-1,0;-1,0;-1,0;-1,0;-1,0;-1,0;-1,0;-1,0;-1,0;-1,0;-1,0;-1,0;-1,0;-1,0;-1,0;-1,0;-1,0;-1,0;-1,0
-1,0;-1,0;-1,0;-1,0;-1,0;-1,0;-1,0;-1,0;-1,0;-1,0;-1,0;-1,0;-1,0;1,85;-1,0;-1,0;-1,0;-1,0;-1,0;-1,0;-1,0;-1,0;-1,0;-1,0;-1,0;-1,0;-1,0;-1,0;-1,0;-1,0;-1,0;-1,0;-1,0;-1,0;-1,0;-1,0;-1,0;-1,0;-1,0;-1,0;-1,0;-1,0;-1,0;-1,0;-1,0;-1,0;-1,0;-1,0;-1,0;-1,0;-1,0;-1,0
-1,0;-1,0;-1,0;1,14;-1,0;1,15;1,16;-1,0;-1,0;-1,0;1,17;-1,0;-1,0;-1,0;-1,0;-1,0;-1,0;-1,0;-1,0;-1,0;-1,0;-1,0;-1,0;-1,0;-1,0;-1,0;-1,0;-1,0;-1,0;-1,0;3,86;3,6;3,8;3,11;-1,0;3,12;3,13;3,9;-1,0;-1,0;-1,0;-1,0;-1,0;-1,0;-1,0;-1,0;-1,0;-1,0;-1,0;-1,0;-1,0;-1,0
-1,0;-1,0;-1,0;-1,0;-1,0;-1,0;-1,0;-1,0;-1,0;-1,0;-1,0;-1,0;-1,0;-1,0;1,87;-1,0;-1,0;-1,0;-1,0;-1,0;-1,0;-1,0;-1,0;-1,0;-1,0;-1,0;-1,0;-1,0;-1,0;-1,0;-1,0;-1,0;-1,0;-1,0;-1,0;-1,0;-1,0;-1,0;-1,0;-1,0;-1,0;-1,0;-1,0;-1,0;-1,0;-1,0;-1,0;-1,0;-1,0;-1,0;-1,0;-1,0
-1,0;-1,0;-1,0;2,12;-1,0;2,12;2,12;-1,0;-1,0;-1,0;2,12;-1,0;-1,0;-1,0;2,12;-1,0;-1,0;-1,0;-1,0;-1,0;-1,0;-1,0;-1,0;-1,0;-1,0;-1,0;-1,0;-1,0;-1,0;-1,0;-1,0;-1,0;-1,0;-1,0;-1,0;-1,0;-1,0;-1,0;-1,0;-1,0;-1,0;-1,0;-1,0;-1,0;-1,0;-1,0;-1,0;-1,0;-1,0;-1,0;-1,0;-1,0
-1,0;-1,0;2,14;-1,0;-1,0;-1,0;-1,0;-1,0;2,14;2,14;-1,0;-1,0;-1,0;-1,0;-1,0;-1,0;2,14;2,14;2,14;2,14;2,14;-1,0;2,14;2,14;2,14;2,14;2,14;2,14;-1,0;-1,0;-1,0;-1,0;-1,0;-1,0;-1,0;-1,0;-1,0;-1,0;-1,0;-1,0;-1,0;-1,0;-1,0;-1,0;-1,0;-1,0;-1,0;-1,0;-1,0;-1,0;-1,0;-1,0
-1,0;-1,0;-1,0;2,13;-1,0;2,13;2,13;-1,0;-1,0;-1,0;2,13;-1,0;-1,0;-1,0;2,13;-1,0;-1,0;-1,0;-1,0;-1,0;-1,0;-1,0;-1,0;-1,0;-1,0;-1,0;-1,0;-1,0;-1,0;-1,0;-1,0;-1,0;-1,0;-1,0;-1,0;-1,0;-1,0;-1,0;-1,0;-1,0;-1,0;-1,0;-1,0;-1,0;-1,0;-1,0;-1,0;-1,0;-1,0;-1,0;-1,0;-1,0
-1,0;-1,0;2,26;-1,0;-1,0;-1,0;-1,0;-1,0;2,26;2,26;-1,0;-1,0;-1,0;-1,0;-1,0;-1,0;2,26;2,26;2,26;-1,0;-1,0;-1,0;2,26;2,26;2,26;2,26;2,26;2,26;-1,0;-1,0;-1,0;-1,0;-1,0;-1,0;-1,0;-1,0;-1,0;-1,0;-1,0;-1,0;-1,0;-1,0;-1,0;-1,0;-1,0;-1,0;-1,0;-1,0;-1,0;-1,0;-1,0;-1,0
-1,0;-1,0;-1,0;2,9;-1,0;2,9;2,9;-1,0;-1,0;-1,0;2,9;-1,0;-1,0;-1,0;2,9;-1,0;-1,0;-1,0;-1,0;-1,0;-1,0;-1,0;-1,0;-1,0;-1,0;-1,0;-1,0;-1,0;-1,0;-1,0;-1,0;-1,0;-1,0;-1,0;-1,0;-1,0;-1,0;-1,0;-1,0;-1,0;-1,0;-1,0;-1,0;-1,0;-1,0;-1,0;-1,0;-1,0;-1,0;-1,0;-1,0;-1,0